Time(second)	 Number of Vehicles	 Right Ave. Speed	 Left Ave. Speed
 1 			 5 		 22.109678 		 15.794873
 2 			 3 		 24.321265 		 2.868327
 3 			 4 		 17.558509 		 15.489759
 4 			 4 		 0.000000 		 20.192572
 5 			 4 		 0.000000 		 18.803293
 6 			 6 		 17.121725 		 16.375821
 7 			 5 		 22.414247 		 21.246565
 8 			 6 		 9.593886 		 20.191031
 9 			 7 		 6.932880 		 22.019045
 10 			 9 		 17.937658 		 18.066273
 11 			 8 		 15.325562 		 15.843226
 12 			 7 		 12.852792 		 16.386798
 13 			 6 		 15.300338 		 13.966942
 14 			 7 		 16.350478 		 12.943515
 15 			 6 		 16.716336 		 23.124175
 16 			 5 		 15.482031 		 11.045605
 17 			 6 		 22.946296 		 36.805811
 18 			 4 		 9.912797 		 19.396800
 19 			 4 		 14.639756 		 21.345425
 20 			 1 		 0.000000 		 23.241680
 21 			 5 		 12.046932 		 22.769714
 22 			 4 		 29.733461 		 16.412354
 23 			 5 		 17.925641 		 6.259307
 24 			 3 		 36.603836 		 6.697276
 25 			 4 		 25.363202 		 5.963629
 26 			 6 		 28.707407 		 2.673714
 27 			 6 		 23.727159 		 4.419522
 28 			 9 		 15.822527 		 4.746921
 29 			 6 		 21.226367 		 11.192946
 30 			 6 		 9.984270 		 31.464049
 31 			 6 		 13.692487 		 3.978661
 32 			 6 		 10.993549 		 5.113484
 33 			 5 		 15.628163 		 3.615369
 34 			 5 		 15.012237 		 0.000000
 35 			 5 		 15.795300 		 1.348142
 36 			 7 		 12.400788 		 10.301645
 37 			 5 		 11.660929 		 9.017561
 38 			 3 		 7.234058 		 5.602898
 39 			 3 		 0.000000 		 6.184771
 40 			 3 		 0.000000 		 8.972944
 41 			 5 		 5.555578 		 23.055672
 42 			 6 		 19.008033 		 1.254687
 43 			 6 		 17.104229 		 10.818702
 44 			 6 		 14.079220 		 0.000000
 45 			 5 		 10.425009 		 0.000000
 46 			 4 		 20.419321 		 0.000000
 47 			 5 		 13.651729 		 2.637299
 48 			 5 		 1.663686 		 15.667138
 49 			 4 		 5.305134 		 4.798176
 50 			 6 		 8.923708 		 0.496716
 51 			 4 		 12.380731 		 0.440198
 52 			 3 		 8.897459 		 8.247499
 53 			 2 		 0.000000 		 3.468858
 54 			 3 		 5.016947 		 6.536114
 55 			 3 		 20.722206 		 5.893076
 56 			 3 		 34.526990 		 5.352833
 57 			 8 		 20.103350 		 5.077941
 58 			 6 		 18.963406 		 1.549038
 59 			 7 		 15.828300 		 3.472253
 60 			 10 		 10.005332 		 15.811563
 61 			 8 		 19.886238 		 7.263028
 62 			 3 		 19.757318 		 6.369214
 63 			 8 		 1.667005 		 4.406265
 64 			 5 		 1.105615 		 6.815102
 65 			 4 		 13.942381 		 10.584474
 66 			 9 		 17.484637 		 13.211342
 67 			 8 		 8.248978 		 23.111906
 68 			 6 		 2.805527 		 18.636340
 69 			 5 		 19.453864 		 14.378596
 70 			 9 		 10.425597 		 16.602001
 71 			 8 		 10.107672 		 16.586627
 72 			 5 		 2.027547 		 13.310770
 73 			 6 		 17.846885 		 14.872800
 74 			 4 		 0.000000 		 11.319235
 75 			 5 		 14.071444 		 6.956018
 76 			 4 		 14.261198 		 9.025858
 77 			 6 		 5.825984 		 9.876335
 78 			 4 		 4.965645 		 12.282299
 79 			 5 		 3.480901 		 10.664415
 80 			 4 		 3.154783 		 8.370208
 81 			 4 		 3.106942 		 10.237825
 82 			 4 		 3.280100 		 9.351739
 83 			 5 		 0.000000 		 10.197854
 84 			 4 		 8.127729 		 3.801235
 85 			 5 		 0.000000 		 10.443472
 86 			 8 		 31.423273 		 3.783022
 87 			 6 		 20.048942 		 5.483828
 88 			 6 		 15.617609 		 4.713967
 89 			 6 		 19.908627 		 0.125364
 90 			 9 		 21.227078 		 2.879256
 91 			 3 		 0.000000 		 3.049712
 92 			 7 		 15.531304 		 3.901849
 93 			 6 		 13.596444 		 7.601332
 94 			 7 		 7.121756 		 3.602710
 95 			 4 		 0.000000 		 7.699954
 96 			 7 		 16.784702 		 7.603228
 97 			 5 		 16.866824 		 13.646798
 98 			 4 		 11.104328 		 17.697814
 99 			 5 		 9.567239 		 5.282659
 100 			 2 		 3.117041 		 1.352836
 101 			 3 		 1.559753 		 0.025414
 102 			 2 		 4.515205 		 0.000000
 103 			 3 		 5.867756 		 31.565185
 104 			 6 		 14.014831 		 13.020640
 105 			 4 		 12.130761 		 37.386095
 106 			 4 		 0.000000 		 14.713676
 107 			 4 		 12.688547 		 2.522034
 108 			 6 		 0.000000 		 2.528649
 109 			 5 		 5.882739 		 22.527662
 110 			 4 		 10.619466 		 37.371017
 111 			 5 		 4.570491 		 37.750951
 112 			 8 		 1.858703 		 11.358310
 113 			 6 		 4.264713 		 8.639666
 114 			 5 		 1.522343 		 18.426150
 115 			 6 		 2.376139 		 10.026630
 116 			 4 		 2.724116 		 2.007490
 117 			 6 		 0.000000 		 10.870716
 118 			 7 		 0.000000 		 10.033705
 119 			 4 		 8.567951 		 2.978780
 120 			 5 		 1.366349 		 3.385171
 121 			 5 		 7.869348 		 0.000000
 122 			 7 		 6.175477 		 2.389795
 123 			 7 		 3.664633 		 7.764580
 124 			 4 		 4.882716 		 0.933263
 125 			 2 		 12.680291 		 0.000000
 126 			 4 		 3.943289 		 6.256936
 127 			 6 		 7.059003 		 0.285911
 128 			 5 		 17.888269 		 0.000000
 129 			 8 		 9.851642 		 2.336169
 130 			 6 		 9.531346 		 0.000000
 131 			 5 		 12.301027 		 1.659798
 132 			 3 		 7.361319 		 1.696924
 133 			 5 		 24.428138 		 3.534622
 134 			 5 		 14.862150 		 0.000000
 135 			 5 		 10.040912 		 1.290153
 136 			 5 		 24.334351 		 3.094993
 137 			 9 		 4.862612 		 9.667047
 138 			 8 		 4.939614 		 0.000000
 139 			 4 		 4.745972 		 2.126975
 140 			 6 		 7.625727 		 6.115261
 141 			 8 		 12.086248 		 11.584734
 142 			 9 		 17.631613 		 3.473505
 143 			 7 		 13.353491 		 4.190320
 144 			 9 		 14.887925 		 7.175832
 145 			 9 		 17.202482 		 13.805068
 146 			 5 		 22.620998 		 16.665169
 147 			 8 		 7.935084 		 31.329771
 148 			 6 		 25.315930 		 17.046620
 149 			 9 		 14.945794 		 19.660260
 150 			 11 		 23.713729 		 21.220386
 151 			 7 		 20.122164 		 28.224821
 152 			 11 		 19.396302 		 19.942079
 153 			 11 		 12.840837 		 14.774853
 154 			 6 		 20.652507 		 19.807281
 155 			 8 		 10.136808 		 16.555606
 156 			 9 		 5.172600 		 23.774254
 157 			 8 		 11.162165 		 9.539122
 158 			 8 		 10.805426 		 15.714742
 159 			 8 		 5.550030 		 95.899347
 160 			 10 		 10.087805 		 26.550504
 161 			 6 		 11.170187 		 9.611762
 162 			 8 		 8.152480 		 20.981849
 163 			 11 		 13.920808 		 12.058522
 164 			 8 		 15.450263 		 20.139907
 165 			 10 		 12.362633 		 12.103261
 166 			 8 		 8.685611 		 12.059592
 167 			 7 		 11.908434 		 8.006727
 168 			 10 		 13.898499 		 9.553631
 169 			 10 		 23.556407 		 16.921730
 170 			 6 		 26.275295 		 1.122685Time(second)	 Number of Vehicles	 Right Ave. Speed	 Left Ave. Speed
 1 			 0 		 0.000000 		 0.000000Time(second)	 Number of Vehicles	 Right Ave. Speed	 Left Ave. Speed
 1 			 0 		 0.000000 		 0.000000
 2 			 0 		 0.000000 		 0.000000
 3 			 0 		 0.000000 		 0.000000
 4 			 0 		 0.000000 		 0.000000Time(second)	 Number of Vehicles	 Right Ave. Speed	 Left Ave. Speed
 1 			 0 		 0.000000 		 0.000000Time(second)	 Number of Vehicles	 Right Ave. Speed	 Left Ave. Speed
 1 			 0 		 0.000000 		 0.000000
 2 			 0 		 0.000000 		 0.000000
 3 			 0 		 0.000000 		 0.000000
 4 			 0 		 0.000000 		 0.000000
 5 			 0 		 0.000000 		 0.000000
 6 			 0 		 0.000000 		 0.000000
 7 			 0 		 0.000000 		 0.000000
 8 			 0 		 0.000000 		 0.000000
 9 			 0 		 0.000000 		 0.000000
 10 			 0 		 0.000000 		 0.000000
 11 			 0 		 0.000000 		 0.000000
 12 			 0 		 0.000000 		 0.000000
 13 			 0 		 0.000000 		 0.000000
 14 			 0 		 0.000000 		 0.000000
 15 			 0 		 0.000000 		 0.000000
 16 			 0 		 0.000000 		 0.000000
 17 			 0 		 0.000000 		 0.000000
 18 			 0 		 0.000000 		 0.000000
 19 			 0 		 0.000000 		 0.000000
 20 			 0 		 0.000000 		 0.000000
 21 			 0 		 0.000000 		 0.000000
 22 			 0 		 0.000000 		 0.000000
 23 			 0 		 0.000000 		 0.000000
 24 			 0 		 0.000000 		 0.000000
 25 			 0 		 0.000000 		 0.000000
 26 			 0 		 0.000000 		 0.000000
 27 			 0 		 0.000000 		 0.000000
 28 			 0 		 0.000000 		 0.000000
 29 			 0 		 0.000000 		 0.000000
 30 			 0 		 0.000000 		 0.000000
 31 			 0 		 0.000000 		 0.000000
 32 			 0 		 0.000000 		 0.000000
 33 			 0 		 0.000000 		 0.000000
 34 			 0 		 0.000000 		 0.000000
 35 			 0 		 0.000000 		 0.000000
 36 			 0 		 0.000000 		 0.000000
 37 			 0 		 0.000000 		 0.000000
 38 			 0 		 0.000000 		 0.000000
 39 			 0 		 0.000000 		 0.000000Time(second)	 Number of Vehicles	 Right Ave. Speed	 Left Ave. Speed
 1 			 0 		 0.000000 		 0.000000
 2 			 0 		 0.000000 		 0.000000
 3 			 0 		 0.000000 		 0.000000Time(second)	 Number of Vehicles	 Right Ave. Speed	 Left Ave. SpeedTime(second)	 Number of Vehicles	 Right Ave. Speed	 Left Ave. Speed
 1 			 0 		 0.000000 		 0.000000
 2 			 0 		 0.000000 		 0.000000
 3 			 0 		 0.000000 		 0.000000
 4 			 0 		 0.000000 		 0.000000
 5 			 0 		 0.000000 		 0.000000
 6 			 0 		 0.000000 		 0.000000
 7 			 0 		 0.000000 		 0.000000
 8 			 0 		 0.000000 		 0.000000
 9 			 0 		 0.000000 		 0.000000
 10 			 0 		 0.000000 		 0.000000
 11 			 0 		 0.000000 		 0.000000
 12 			 0 		 0.000000 		 0.000000
 13 			 0 		 0.000000 		 0.000000
 14 			 0 		 0.000000 		 0.000000
 15 			 0 		 0.000000 		 0.000000
 16 			 0 		 0.000000 		 0.000000
 17 			 0 		 0.000000 		 0.000000
 18 			 0 		 0.000000 		 0.000000
 19 			 0 		 0.000000 		 0.000000
 20 			 0 		 0.000000 		 0.000000
 21 			 0 		 0.000000 		 0.000000
 22 			 0 		 0.000000 		 0.000000
 23 			 0 		 0.000000 		 0.000000
 24 			 0 		 0.000000 		 0.000000
 25 			 0 		 0.000000 		 0.000000
 26 			 0 		 0.000000 		 0.000000
 27 			 0 		 0.000000 		 0.000000
 28 			 0 		 0.000000 		 0.000000
 29 			 0 		 0.000000 		 0.000000
 30 			 0 		 0.000000 		 0.000000
 31 			 0 		 0.000000 		 0.000000
 32 			 0 		 0.000000 		 0.000000
 33 			 0 		 0.000000 		 0.000000
 34 			 0 		 0.000000 		 0.000000
 35 			 0 		 0.000000 		 0.000000
 36 			 0 		 0.000000 		 0.000000
 37 			 0 		 0.000000 		 0.000000
 38 			 0 		 0.000000 		 0.000000
 39 			 0 		 0.000000 		 0.000000
 40 			 0 		 0.000000 		 0.000000
 41 			 0 		 0.000000 		 0.000000
 42 			 0 		 0.000000 		 0.000000
 43 			 0 		 0.000000 		 0.000000
 44 			 0 		 0.000000 		 0.000000
 45 			 0 		 0.000000 		 0.000000
 46 			 0 		 0.000000 		 0.000000
 47 			 0 		 0.000000 		 0.000000
 48 			 0 		 0.000000 		 0.000000
 49 			 0 		 0.000000 		 0.000000
 50 			 0 		 0.000000 		 0.000000
 51 			 0 		 0.000000 		 0.000000
 52 			 0 		 0.000000 		 0.000000
 53 			 0 		 0.000000 		 0.000000
 54 			 0 		 0.000000 		 0.000000
 55 			 0 		 0.000000 		 0.000000
 56 			 0 		 0.000000 		 0.000000
 57 			 0 		 0.000000 		 0.000000
 58 			 0 		 0.000000 		 0.000000
 59 			 0 		 0.000000 		 0.000000
 60 			 0 		 0.000000 		 0.000000
 61 			 0 		 0.000000 		 0.000000
 62 			 0 		 0.000000 		 0.000000
 63 			 0 		 0.000000 		 0.000000
 64 			 0 		 0.000000 		 0.000000
 65 			 0 		 0.000000 		 0.000000
 66 			 0 		 0.000000 		 0.000000
 67 			 0 		 0.000000 		 0.000000
 68 			 0 		 0.000000 		 0.000000
 69 			 0 		 0.000000 		 0.000000
 70 			 0 		 0.000000 		 0.000000
 71 			 0 		 0.000000 		 0.000000
 72 			 0 		 0.000000 		 0.000000
 73 			 0 		 0.000000 		 0.000000
 74 			 0 		 0.000000 		 0.000000
 75 			 0 		 0.000000 		 0.000000
 76 			 0 		 0.000000 		 0.000000
 77 			 0 		 0.000000 		 0.000000
 78 			 0 		 0.000000 		 0.000000
 79 			 0 		 0.000000 		 0.000000
 80 			 0 		 0.000000 		 0.000000
 81 			 0 		 0.000000 		 0.000000
 82 			 0 		 0.000000 		 0.000000
 83 			 0 		 0.000000 		 0.000000
 84 			 0 		 0.000000 		 0.000000
 85 			 0 		 0.000000 		 0.000000
 86 			 0 		 0.000000 		 0.000000
 87 			 0 		 0.000000 		 0.000000
 88 			 0 		 0.000000 		 0.000000
 89 			 0 		 0.000000 		 0.000000
 90 			 0 		 0.000000 		 0.000000
 91 			 0 		 0.000000 		 0.000000
 92 			 0 		 0.000000 		 0.000000
 93 			 0 		 0.000000 		 0.000000
 94 			 0 		 0.000000 		 0.000000
 95 			 0 		 0.000000 		 0.000000
 96 			 0 		 0.000000 		 0.000000
 97 			 0 		 0.000000 		 0.000000
 98 			 0 		 0.000000 		 0.000000
 99 			 0 		 0.000000 		 0.000000
 100 			 0 		 0.000000 		 0.000000
 101 			 0 		 0.000000 		 0.000000
 102 			 0 		 0.000000 		 0.000000
 103 			 0 		 0.000000 		 0.000000
 104 			 0 		 0.000000 		 0.000000
 105 			 0 		 0.000000 		 0.000000
 106 			 0 		 0.000000 		 0.000000
 107 			 0 		 0.000000 		 0.000000
 108 			 0 		 0.000000 		 0.000000
 109 			 0 		 0.000000 		 0.000000
 110 			 0 		 0.000000 		 0.000000
 111 			 0 		 0.000000 		 0.000000
 112 			 0 		 0.000000 		 0.000000
 113 			 0 		 0.000000 		 0.000000
 114 			 0 		 0.000000 		 0.000000
 115 			 0 		 0.000000 		 0.000000
 116 			 0 		 0.000000 		 0.000000
 117 			 0 		 0.000000 		 0.000000
 118 			 0 		 0.000000 		 0.000000
 119 			 0 		 0.000000 		 0.000000
 120 			 0 		 0.000000 		 0.000000
 121 			 0 		 0.000000 		 0.000000
 122 			 0 		 0.000000 		 0.000000
 123 			 0 		 0.000000 		 0.000000
 124 			 0 		 0.000000 		 0.000000
 125 			 0 		 0.000000 		 0.000000
 126 			 0 		 0.000000 		 0.000000
 127 			 0 		 0.000000 		 0.000000
 128 			 0 		 0.000000 		 0.000000
 129 			 0 		 0.000000 		 0.000000
 130 			 0 		 0.000000 		 0.000000
 131 			 0 		 0.000000 		 0.000000
 132 			 0 		 0.000000 		 0.000000
 133 			 0 		 0.000000 		 0.000000
 134 			 0 		 0.000000 		 0.000000
 135 			 0 		 0.000000 		 0.000000
 136 			 0 		 0.000000 		 0.000000
 137 			 0 		 0.000000 		 0.000000
 138 			 0 		 0.000000 		 0.000000
 139 			 0 		 0.000000 		 0.000000
 140 			 0 		 0.000000 		 0.000000
 141 			 0 		 0.000000 		 0.000000
 142 			 0 		 0.000000 		 0.000000
 143 			 0 		 0.000000 		 0.000000
 144 			 0 		 0.000000 		 0.000000
 145 			 0 		 0.000000 		 0.000000
 146 			 0 		 0.000000 		 0.000000
 147 			 0 		 0.000000 		 0.000000
 148 			 0 		 0.000000 		 0.000000
 149 			 0 		 0.000000 		 0.000000
 150 			 0 		 0.000000 		 0.000000
 151 			 0 		 0.000000 		 0.000000
 152 			 0 		 0.000000 		 0.000000
 153 			 0 		 0.000000 		 0.000000
 154 			 0 		 0.000000 		 0.000000
 155 			 0 		 0.000000 		 0.000000
 156 			 0 		 0.000000 		 0.000000
 157 			 0 		 0.000000 		 0.000000
 158 			 0 		 0.000000 		 0.000000
 159 			 0 		 0.000000 		 0.000000
 160 			 0 		 0.000000 		 0.000000
 161 			 0 		 0.000000 		 0.000000
 162 			 0 		 0.000000 		 0.000000
 163 			 0 		 0.000000 		 0.000000
 164 			 0 		 0.000000 		 0.000000
 165 			 0 		 0.000000 		 0.000000
 166 			 0 		 0.000000 		 0.000000
 167 			 0 		 0.000000 		 0.000000
 168 			 0 		 0.000000 		 0.000000
 169 			 0 		 0.000000 		 0.000000
 170 			 0 		 0.000000 		 0.000000Time(second)	 Number of Vehicles	 Right Ave. Speed	 Left Ave. SpeedTime(second)	 Number of Vehicles	 Right Ave. Speed	 Left Ave. SpeedTime(second)	 Number of Vehicles	 Right Ave. Speed	 Left Ave. Speed
 1 			 0 		 0.000000 		 0.000000
 2 			 0 		 0.000000 		 0.000000
 3 			 0 		 0.000000 		 0.000000
 4 			 0 		 0.000000 		 0.000000
 5 			 0 		 0.000000 		 0.000000
 6 			 0 		 0.000000 		 0.000000
 7 			 0 		 0.000000 		 0.000000
 8 			 0 		 0.000000 		 0.000000
 9 			 0 		 0.000000 		 0.000000
 10 			 0 		 0.000000 		 0.000000
 11 			 0 		 0.000000 		 0.000000Time(second)	 Number of Vehicles	 Right Ave. Speed	 Left Ave. Speed
 1 			 0 		 0.000000 		 0.000000Time(second)	 Number of Vehicles	 Right Ave. Speed	 Left Ave. SpeedTime(second)	 Number of Vehicles	 Right Ave. Speed	 Left Ave. SpeedTime(second)	 Number of Vehicles	 Right Ave. Speed	 Left Ave. Speed
 1 			 0 		 0.000000 		 0.000000
 2 			 0 		 0.000000 		 0.000000Time(second)	 Number of Vehicles	 Right Ave. Speed	 Left Ave. SpeedTime(second)	 Number of Vehicles	 Right Ave. Speed	 Left Ave. SpeedTime(second)	 Number of Vehicles	 Right Ave. Speed	 Left Ave. Speed
 1 			 0 		 0.000000 		 0.000000Time(second)	 Number of Vehicles	 Right Ave. Speed	 Left Ave. SpeedTime(second)	 Number of Vehicles	 Right Ave. Speed	 Left Ave. SpeedTime(second)	 Number of Vehicles	 Right Ave. Speed	 Left Ave. SpeedTime(second)	 Number of Vehicles	 Right Ave. Speed	 Left Ave. Speed
 1 			 5 		 22.109678 		 15.794873
 2 			 3 		 24.321265 		 2.868327Time(second)	 Number of Vehicles	 Right Ave. Speed	 Left Ave. SpeedTime(second)	 Number of Vehicles	 Right Ave. Speed	 Left Ave. SpeedTime(second)	 Number of Vehicles	 Right Ave. Speed	 Left Ave. Speed
 1 			 19 		 16.558070 		 2.432607
 2 			 26 		 8.982024 		 9.428211
 3 			 20 		 7.576359 		 5.388407
 4 			 19 		 5.659646 		 7.587929
 5 			 17 		 3.507003 		 6.476746Time(second)	 Number of Vehicles	 Right Ave. Speed	 Left Ave. Speed
 1 			 19 		 16.558070 		 2.432607
 2 			 26 		 8.982024 		 9.428211
 3 			 20 		 7.576359 		 5.388407
 4 			 19 		 5.659646 		 7.587929
 5 			 17 		 3.507003 		 6.476746
 6 			 18 		 5.841100 		 6.171609
 7 			 17 		 0.000000 		 13.723519
 8 			 16 		 0.000000 		 8.609629
 9 			 14 		 8.436405 		 6.239683
 10 			 10 		 15.658056 		 8.025511
 11 			 16 		 27.400252 		 8.489761
 12 			 13 		 51.530273 		 7.399061
 13 			 13 		 12.500041 		 8.341752
 14 			 12 		 9.288190 		 11.103555
 15 			 13 		 27.305373 		 7.273560
 16 			 9 		 59.075381 		 13.339651
 17 			 15 		 34.909897 		 9.741247
 18 			 14 		 27.736995 		 13.902083
 19 			 15 		 24.214904 		 7.055077
 20 			 15 		 17.844169 		 10.950133
 21 			 15 		 18.369879 		 10.205159
 22 			 14 		 10.445441 		 2.363795
 23 			 15 		 10.206672 		 6.981802
 24 			 13 		 24.043317 		 7.730782
 25 			 8 		 11.760594 		 4.407417
 26 			 12 		 15.647066 		 8.865796
 27 			 16 		 12.549875 		 7.783786
 28 			 16 		 13.426054 		 10.642725
 29 			 12 		 19.616564 		 5.324668
 30 			 11 		 18.102579 		 8.680873
 31 			 10 		 24.776244 		 4.257888
 32 			 11 		 27.931795 		 4.832815
 33 			 14 		 25.575271 		 10.425187
 34 			 18 		 12.379454 		 0.000000
 35 			 14 		 19.493528 		 4.670297
 36 			 13 		 29.185958 		 8.995108
 37 			 17 		 31.732916 		 9.532775
 38 			 15 		 18.856744 		 12.374877
 39 			 15 		 17.671298 		 8.908660
 40 			 8 		 22.738426 		 5.723495
 41 			 14 		 21.198881 		 8.219485
 42 			 12 		 51.933940 		 19.093195
 43 			 10 		 21.317941 		 0.000000
 44 			 14 		 7.975160 		 0.000000
 45 			 10 		 0.000000 		 12.940162
 46 			 16 		 37.701683 		 18.149203
 47 			 10 		 31.936330 		 6.887028
 48 			 17 		 16.992924 		 8.081313
 49 			 18 		 32.960438 		 14.037437
 50 			 15 		 40.851722 		 15.862853Time(second)	 Number of Vehicles	 Right Ave. Speed	 Left Ave. Speed
 1 			 19 		 16.558070 		 2.432607
 2 			 26 		 8.982024 		 9.428211
 3 			 20 		 7.576359 		 5.388407